0	-1.87240005	-1.79110003	25729.45236	1408
0	-1.87170005	-1.78820002	25729.45236	1072
0	-1.87240005	-1.78680003	25729.45236	960
0	-1.87919998	-1.79100001	25729.45236	1120
0	-1.88129997	-1.79069996	25729.45236	976
0	-1.88569999	-1.79270005	25729.45237	1008
0	-1.88180006	-1.78670001	25729.45237	944
0	-1.88460004	-1.78719997	25729.45237	976
0	-1.88779998	-1.78789997	25729.45237	1232
0	-1.8944	-1.79190004	25729.45237	3088
11
12
13
14
15
16
17
18
19
20
21
22
23
24
25
26
27
28
29
30
31
32
33
34
35
36
37
38
39
40
41
42
43
44
45
46
47
48
49
50
51
52
53
54
55
56
57
58
59
60